0.108
0.109
0.109
0.108
0.104
0.103
0.102
0.104
0.102
0.102
0.102
0.106
0.106
0.106
0.107
0.109
0.108
0.105
0.106
0.104
0.103
0.104
0.105
0.105
0.105
0.107
0.105
0.103
0.104
0.104
0.105
0.104
0.103
0.1
0.101
0.101
0.101
0.104
0.104
0.107
0.105
0.103
0.107
0.106
0.107
0.105
0.103
0.106
0.106
0.107
0.105
0.104
0.103
0.105
0.105
0.105
0.103
0.104
0.103
0.104
0.103
0.108
0.106
0.106
0.107
0.105
0.106
0.104
0.105
0.103
0.102
0.103
0.103
0.103
0.103
0.105
0.106
0.11
0.107
0.106
0.104
0.102
0.104
0.104
0.104
0.108
0.108
0.108
0.108
0.105
0.105
0.105
0.103
0.104
0.104
0.105
0.106
0.106
0.104
0.106
0.106
0.105
0.102
0.104
0.105
0.105
0.105
0.106
0.108
0.108
0.108
0.106
0.105
0.102
0.102
0.103
0.103
0.106
0.108
0.11
0.11
0.111
0.109
0.107
0.104
0.101
0.1
0.1
0.101
0.102
0.104
0.105
0.108
0.107
0.108
0.108
0.107
0.107
0.105
0.103
0.105
0.105
0.102
0.104
0.104
0.105
0.105
0.108
0.108
0.108
0.109
0.108
0.106
0.104
0.104
0.102
0.103
0.103
0.104
0.105
0.105
0.106
0.104
0.107
0.106
0.105
0.104
0.105
0.103
0.103
0.106
0.106
0.105
0.107
0.108
0.105
0.104
0.104
0.102
0.103
0.106
0.107
0.108
0.109
0.11
0.108
0.107
0.104
0.104
0.104
0.103
0.106
0.108
0.108
0.107
0.106
0.106
0.105
0.104
0.104
0.103
0.104
0.101
0.118
0.053
0.0
0.195
-0.031
-0.024
0.185
0.122
0.079
0.115
0.05
0.081
0.046
0.191
0.13
0.03
0.249
0.217
-0.065
0.194
0.242
0.079
0.048
0.14
0.18
0.002
0.038
0.191
0.031
0.057
0.143
0.046
0.07
0.152
0.049
0.135
0.122
0.124
0.098
0.061
0.137
0.074
0.137
0.134
0.064
0.066
0.137
0.074
0.068
0.105
0.173
0.144
0.042
0.152
0.178
0.04
0.149
0.185
0.049
0.116
0.157
0.114
0.046
0.089
0.172
0.059
0.043
0.244
0.09
0.013
0.159
0.092
0.095
0.14
0.125
0.026
0.073
0.135
0.025
0.086
0.147
0.038
0.032
0.158
0.064
0.053
0.162
0.094
0.098
0.091
0.141
0.117
0.153
0.097
0.172
0.063
0.126
0.142
0.033
0.154
0.169
0.079
0.085
0.134
0.123
0.032
0.071
0.135
0.056
0.129
0.211
0.086
0.054
0.151
0.1
0.046
0.098
0.13
0.067
0.052
0.155
0.067
0.047
0.166
0.063
0.025
0.169
0.117
0.083
0.066
0.197
0.138
0.03
0.155
0.154
0.024
0.127
0.166
0.057
0.137
0.185
0.047
0.109
0.151
0.086
0.058
0.105
0.145
0.024
0.08
0.201
-0.008
-0.022
0.183
0.073
0.032
0.152
0.09
0.024
0.103
0.23
-0.069
-0.04
0.224
0.034
-0.028
0.158
0.156
0.093
0.039
0.169
0.109
0.098
0.144
0.087
0.057
0.218
0.141
0.038
0.135
0.138
0.092
0.097
0.111
0.143
0.042
0.112
0.148
0.068
0.045
0.16
0.069
0.05
0.138
0.1
0.041
0.123
0.148
0.064
0.026
0.173
0.018
0.055
0.187
0.059
0.085
0.137
0.122
0.075
0.067
0.147
0.111
0.044
0.172
0.148
0.07
0.148
0.149
0.076
0.114
0.117
0.107
0.097
0.106
0.135
0.044
0.066
0.154
0.069
0.159
0.165
0.046
0.124
0.146
0.082
0.096
0.114
0.141
0.047
0.098
0.114
0.078
0.065
0.131
0.104
0.047
0.138
0.098
0.085
0.064
0.168
0.1
0.052
0.149
0.116
0.038
0.18
0.197
0.045
0.121
0.172
0.085
0.058
0.107
0.138
0.014
0.026
0.179
0.071
0.108
0.165
0.099
0.082
0.139
0.092
0.089
0.093
0.138
0.057
0.079
0.208
-0.012
0.001
0.226
0.076
0.088
0.106
0.121
0.082
0.1
0.131
0.126
0.021
0.18
0.166
-0.009
0.224
0.214
0.054
0.182
0.172
0.08
0.119
0.173
0.07
0.034
0.219
0.191
-0.044
0.241
0.264
-0.037
0.126
0.17
0.143
0.033
0.083
0.181
0.011
0.064
0.166
0.028
0.049
0.136
0.032
0.063
0.103
0.111
0.048
0.071
0.136
0.166
0.056
0.139
0.07
0.114
0.192
0.177
0.054
0.126
0.173
0.085
0.096
0.153
0.156
0.064
0.186
0.189
0.064
0.116
0.138
0.085
0.125
0.145
0.105
0.053
0.089
0.142
0.027
0.092
0.129
0.027
0.033
0.183
0.112
0.089
0.116
0.113
0.082
0.087
0.145
0.124
0.079
0.166
0.151
0.049
0.147
0.146
0.055
0.161
0.092
0.094
0.08
0.153
0.079
0.11
0.138
0.171
0.022
0.138
0.127
0.088
0.104
0.152
0.083
0.076
0.1
0.12
0.045
0.114
0.157
0.036
0.076
0.142
0.111
0.069
0.108
0.145
0.105
0.076
0.161
0.091
0.075
0.178
0.163
0.01
0.206
0.169
0.055
0.106
0.172
0.109
0.037
0.188
0.161
0.033
0.161
0.197
0.043
0.19
0.114
0.067
0.16
0.17
0.047
0.073
0.12
0.173
0.02
0.029
0.262
0.008
-0.009
0.22
0.041
-0.026
0.198
0.11
0.076
0.05
0.202
0.083
0.102
0.154
0.155
0.016
0.254
0.243
-0.08
0.187
0.061
0.03
0.167
0.119
0.083
0.093
0.193
0.165
0.018
0.166
0.188
0.034
0.144
0.174
0.033
0.135
0.117
0.116
0.019
0.089
0.156
0.046
0.029
0.136
0.099
0.047
0.109
0.162
0.08
0.105
0.123
0.097
0.033
0.175
0.161
0.058
0.134
0.116
0.031
0.119
0.151
0.134
0.084
0.144
0.141
0.083
0.158
0.173
0.043
0.132
0.151
0.065
0.093
0.143
0.133
0.098
0.132
0.186
0.042
0.067
0.19
0.048
0.027
0.152
0.093
0.043
0.17
0.12
0.092
0.111
0.11
0.12
0.089
0.146
0.146
0.072
0.156
0.074
0.076
0.129
0.091
0.095
0.104
0.11
0.099
0.072
0.181
0.125
0.068
0.174
0.194
0.068
0.107
0.143
0.105
0.042
0.036
0.2
0.036
0.053
0.176
0.063
0.047
0.157
0.081
0.066
0.142
0.1
0.013
0.1
0.179
0.127
0.026
0.226
0.031
0.027
0.142
0.08
0.085
0.127
0.072
0.029
0.112
0.227
0.193
-0.003
0.245
0.24
-0.009
0.153
0.174
0.051
0.143
0.245
-0.008
0.111
0.169
0.183
-0.054
0.054
0.215
-0.044
-0.029
0.219
0.059
-0.003
0.104
0.16
0.084
0.118
0.129
0.071
0.089
0.177
0.001
0.065
0.139
0.079
-0.004
0.138
0.097
0.079
0.075
0.15
0.139
0.027
0.181
0.148
0.062
0.114
0.148
0.059
0.07
0.116
0.15
0.037
0.056
0.165
0.097
0.102
0.103
0.114
0.073
0.122
0.153
0.063
0.109
0.136
0.063
0.093
0.186
0.122
0.047
0.184
0.175
0.06
0.15
0.145
0.049
0.116
0.113
0.106
0.088
0.144
0.121
0.05
0.165
0.143
0.065
0.126
0.118
0.109
0.116
0.157
0.092
0.108
0.11
0.117
0.078
0.091
0.14
0.081
0.046
0.152
0.085
0.032
0.142
0.084
0.086
0.094
0.152
0.098
0.123
0.181
0.168
0.078
0.134
0.157
0.058
0.102
0.131
0.066
0.071
0.194
0.161
0.019
0.205
0.2
0.026
0.152
0.231
0.049
0.043
0.145
0.107
0.017
0.089
0.167
0.055
0.079
0.154
0.032
0.078
0.144
0.065
0.074
0.168
0.074
0.031
0.127
0.222
0.105
0.016
0.203
0.159
0.006
0.26
0.002
-0.026
0.201
0.122
0.035
0.028
0.217
0.189
-0.0
0.17
0.164
0.056
0.156
0.181
0.017
0.158
0.215
0.06
0.078
0.149
0.086
0.1
0.108
0.125
0.064
0.084
0.192
0.048
0.04
0.147
0.104
0.052
0.137
0.134
0.093
0.036
0.186
0.068
0.029
0.139
0.131
0.065
0.075
0.169
0.094
0.06
0.161
0.129
0.015
0.148
0.124
0.023
0.149
0.158
0.08
0.096
0.134
0.155
0.088
0.094
0.141
0.041
0.096
0.134
0.051
0.03
0.166
0.102
0.081
0.1
0.154
0.078
0.081
0.161
0.1
0.045
0.146
0.052
0.071
0.132
0.125
0.032
0.129
0.121
0.103
0.08
0.127
0.122
0.055
0.125
0.156
0.024
0.164
0.137
0.086
0.102
0.174
0.08
0.092
0.124
0.104
0.056
0.089
0.144
0.065
0.039
0.187
0.077
0.041
0.135
0.095
0.046
0.084
0.161
0.048
0.051
0.164
0.072
0.035
0.145
0.084
0.042
0.126
0.149
0.11
0.064
0.174
0.051
0.073
0.133
0.112
0.027
0.182
0.202
0.044
0.125
0.161
0.164
0.033
0.136
0.123
0.017
0.052
0.25
-0.023
0.007
0.216
0.038
0.129
0.169
0.121
0.049
0.083
0.155
0.035
0.057
0.216
-0.003
0.013
0.164
0.053
0.016
0.179
0.039
0.004
0.156
0.122
0.079
0.042
0.172
0.128
0.029
0.161
0.17
0.048
0.158
0.16
0.105
0.075
0.112
0.177
0.051
0.084
0.148
0.027
0.065
0.169
0.079
0.058
0.117
0.188
0.072
0.083
0.153
0.075
0.039
0.169
0.078
0.082
0.157
0.143
0.114
0.102
0.128
0.087
0.091
0.138
0.117
0.048
0.163
0.142
0.078
0.136
0.162
0.084
0.104
0.115
0.113
0.093
0.122
0.136
0.038
0.063
0.16
0.075
0.094
0.134
0.112
0.105
0.107
0.124
0.062
0.062
0.126
0.094
0.069
0.171
0.066
0.059
0.134
0.081
0.037
0.135
0.104
0.095
0.082
0.148
0.117
0.061
0.168
0.134
0.069
0.143
0.142
0.071
0.099
0.163
0.098
0.034
0.102
0.158
0.105
0.029
0.073
0.1
0.109
0.122
0.092
0.115
0.081
0.12
0.107
0.105
0.114
0.093
0.104
0.096
0.1
0.104
0.105
0.105
0.107
0.108
0.103
0.101
0.1
0.101
0.1
0.103
0.102
0.105
0.107
0.103
0.107
0.105
0.103
0.105
0.1
0.102
0.103
0.103
0.105
0.105
0.105
0.108
0.108
0.108
0.106
0.104
0.103
0.103
0.1
0.103
0.103
0.105
0.106
0.106
0.106
0.108
0.109
0.104
0.105
0.103
0.101
0.103
0.101
0.102
0.105
0.105
0.107
0.109
0.109
0.107
0.107
0.105
0.103
0.103
0.101
0.101
0.103
0.104
0.105
0.106
0.105
0.105
0.107
0.107
0.106
0.105
0.104
0.103
0.102
0.101
0.103
0.104
0.108
0.102
0.102
0.107
0.107
0.106
0.106
0.101
0.101
0.102
0.104
0.106
0.103
0.108
0.106
0.107
0.105
0.105
0.105
0.105
0.106
0.103
0.106
0.102
0.101
0.104
0.102
0.104
0.103
0.104
0.105
0.105
0.104
0.103
0.103
0.101
0.101
0.106
0.104
0.106
0.109
0.106
0.107
0.104
0.102
0.103
0.103
0.098
0.1
0.103
0.104
0.105
0.107
0.112
0.107
0.109
0.103
0.102
0.1
0.098
0.101
0.103
0.106
0.108
0.109
0.108
0.105
0.104
0.103
0.101
0.099
0.101
0.102
0.103
0.104
0.105
0.104
0.106
0.108
0.105
0.105
0.104
0.103
0.102
0.101
0.101
0.104
0.105
0.105
0.104
0.104
0.104
0.101
0.102
0.103
0.102
0.102
0.105
0.105
0.104
0.105
0.105
0.106
0.105
0.104
