0 0.0
0 0.0
0 0.0
0 0.0
1 5.105088062083414
1 5.105088062083414
1 5.105088062083414
1 5.105088062083414
1 5.105088062083414
1 5.105088062083414
2 10.210176124166829
2 10.210176124166829
2 10.210176124166829
2 10.210176124166829
2 10.210176124166829
2 10.210176124166829
3 15.315264186250243
3 15.315264186250243
3 15.315264186250243
3 15.315264186250243
3 15.315264186250243
3 15.315264186250243
4 20.420352248333657
4 20.420352248333657
4 20.420352248333657
4 20.420352248333657
4 20.420352248333657
4 20.420352248333657
5 25.52544031041707
5 25.52544031041707
5 25.52544031041707
5 25.52544031041707
5 25.52544031041707
5 25.52544031041707
6 30.630528372500486
6 30.630528372500486
6 30.630528372500486
6 30.630528372500486
6 30.630528372500486
6 30.630528372500486
7 35.7356164345839
7 35.7356164345839
7 35.7356164345839
7 35.7356164345839
7 35.7356164345839
7 35.7356164345839
7 35.7356164345839
8 40.840704496667314
8 40.840704496667314
8 40.840704496667314
8 40.840704496667314
8 40.840704496667314
9 45.945792558750725
9 45.945792558750725
9 45.945792558750725
9 45.945792558750725
9 45.945792558750725
9 45.945792558750725
10 51.050880620834135
10 51.050880620834135
10 51.050880620834135
10 51.050880620834135
10 51.050880620834135
10 51.050880620834135
11 56.155968682917546
11 56.155968682917546
11 56.155968682917546
11 56.155968682917546
11 56.155968682917546
11 56.155968682917546
11 56.155968682917546
12 61.26105674500096
12 61.26105674500096
12 61.26105674500096
12 61.26105674500096
12 61.26105674500096
13 66.36614480708437
13 66.36614480708437
13 66.36614480708437
13 66.36614480708437
13 66.36614480708437
13 66.36614480708437
14 71.47123286916778
14 71.47123286916778
14 71.47123286916778
14 71.47123286916778
14 71.47123286916778
14 71.47123286916778
15 76.57632093125119
15 76.57632093125119
15 76.57632093125119
15 76.57632093125119
15 76.57632093125119
15 76.57632093125119
15 76.57632093125119
16 81.6814089933346
16 81.6814089933346
16 81.6814089933346
16 81.6814089933346
16 81.6814089933346
17 86.78649705541801
17 86.78649705541801
17 86.78649705541801
17 86.78649705541801
17 86.78649705541801
17 86.78649705541801
18 91.89158511750142
18 91.89158511750142
18 91.89158511750142
18 91.89158511750142
18 91.89158511750142
18 91.89158511750142
19 96.99667317958483
19 96.99667317958483
19 96.99667317958483
19 96.99667317958483
19 96.99667317958483
19 96.99667317958483
20 102.10176124166824
20 102.10176124166824
20 102.10176124166824
20 102.10176124166824
20 102.10176124166824
20 102.10176124166824
21 107.20684930375165
21 107.20684930375165
21 107.20684930375165
21 107.20684930375165
21 107.20684930375165
21 107.20684930375165
22 112.31193736583506
22 112.31193736583506
22 112.31193736583506
22 112.31193736583506
22 112.31193736583506
22 112.31193736583506
23 117.41702542791847
23 117.41702542791847
23 117.41702542791847
23 117.41702542791847
23 117.41702542791847
23 117.41702542791847
24 122.52211349000189
24 122.52211349000189
24 122.52211349000189
24 122.52211349000189
24 122.52211349000189
24 122.52211349000189
25 127.6272015520853
25 127.6272015520853
25 127.6272015520853
25 127.6272015520853
25 127.6272015520853
25 127.6272015520853
26 132.7322896141687
26 132.7322896141687
26 132.7322896141687
26 132.7322896141687
26 132.7322896141687
26 132.7322896141687
26 132.7322896141687
26 132.7322896141687
26 132.7322896141687
26 132.7322896141687
27 137.83737767625212
27 137.83737767625212
27 137.83737767625212
28 142.94246573833553
28 142.94246573833553
28 142.94246573833553
28 142.94246573833553
28 142.94246573833553
29 148.04755380041894
29 148.04755380041894
29 148.04755380041894
29 148.04755380041894
29 148.04755380041894
29 148.04755380041894
30 153.15264186250235
30 153.15264186250235
30 153.15264186250235
30 153.15264186250235
30 153.15264186250235
30 153.15264186250235
31 158.25772992458576
31 158.25772992458576
31 158.25772992458576
31 158.25772992458576
31 158.25772992458576
31 158.25772992458576
32 163.36281798666917
32 163.36281798666917
32 163.36281798666917
32 163.36281798666917
32 163.36281798666917
32 163.36281798666917
33 168.46790604875258
33 168.46790604875258
33 168.46790604875258
33 168.46790604875258
33 168.46790604875258
33 168.46790604875258
34 173.572994110836
34 173.572994110836
34 173.572994110836
34 173.572994110836
34 173.572994110836
34 173.572994110836
35 178.6780821729194
35 178.6780821729194
35 178.6780821729194
35 178.6780821729194
35 178.6780821729194
35 178.6780821729194
35 178.6780821729194
35 178.6780821729194
36 183.7831702350028
36 183.7831702350028
36 183.7831702350028
36 183.7831702350028
37 188.88825829708622
37 188.88825829708622
37 188.88825829708622
37 188.88825829708622
37 188.88825829708622
37 188.88825829708622
38 193.99334635916964
38 193.99334635916964
38 193.99334635916964
38 193.99334635916964
38 193.99334635916964
38 193.99334635916964
39 199.09843442125305
39 199.09843442125305
39 199.09843442125305
39 199.09843442125305
39 199.09843442125305
39 199.09843442125305
39 199.09843442125305
40 204.20352248333646
