0.3415601891732216 0.0
0.6829139995312692 0.0
1.0242320592284204 0.0
1.3655306185650828 0.0
1.7068161776614192 0.0
2.048098486697674 0.0
2.389393795974255 0.0
2.730680980100632 0.0
3.0719600390768056 0.0
3.413245598173142 0.0
3.754539282419682 0.0
4.095824841516018 0.0
4.4371364010930066 2.552544031041707
4.778436585459709 2.552544031041707
5.119751395096779 7.657632093125121
5.4611767067766195 7.657632093125121
5.802613393666745 7.657632093125121
6.144064705827237 10.210176124166829
6.485478642296791 10.210176124166829
6.826913704156876 10.210176124166829
7.168335765776635 10.210176124166829
7.5097757027268415 10.210176124166829
7.851204264466763 10.210176124166829
8.192631201176644 10.210176124166829
8.534183265199662 10.210176124166829
8.875632952330113 10.210176124166829
9.217063139100075 10.210176124166829
9.558725705165863 10.210176124166829
9.900154266905783 10.210176124166829
10.241602329006193 12.762720155208536
10.583030890746114 12.762720155208536
10.924696706871984 12.762720155208536
11.266128518671987 12.762720155208536
11.60777970952749 12.762720155208536
11.949218021447656 12.762720155208536
12.290919588234422 15.315264186250243
12.632356275124547 15.315264186250243
12.97400909101009 15.315264186250243
13.315442527840135 15.315264186250243
13.657109968996046 15.315264186250243
13.998538530735967 15.315264186250243
14.339962217385766 15.315264186250243
14.681400529305932 15.315264186250243
15.022827466015814 15.315264186250243
15.364270653026102 17.86780821729195
15.705952719452378 17.86780821729195
16.047392656402586 17.86780821729195
16.38904872234821 17.86780821729195
16.73047728408813 17.86780821729195
17.07212034979343 17.86780821729195
17.413550536563392 17.86780821729195
17.75521635268926 20.420352248333657
18.09666928987979 20.420352248333657
18.43833023091554 20.420352248333657
18.779872544758312 20.420352248333657
19.12134010721921 20.420352248333657
19.462780044169417 20.420352248333657
19.80442960999488 20.420352248333657
20.1458500465846 20.420352248333657
20.487530487980834 22.972896279375362
20.828980175111287 22.972896279375362
21.170415236971373 22.972896279375362
21.511871424221987 25.525440310417068
21.853650992450707 25.525440310417068
22.195118554911605 28.077984341458773
22.53679087115764 28.077984341458773
22.87823730822801 28.077984341458773
23.219912874534124 30.63052837250048
23.561343061304086 30.63052837250048
23.902787873344415 30.63052837250048
24.244229435324662 30.63052837250048
24.58589037636041 30.63052837250048
24.927340063490863 30.63052837250048
25.268773500320908 30.63052837250048
25.610208562180993 30.63052837250048
25.951863003096577 30.63052837250048
26.29331106519699 30.63052837250048
26.634993131623265 30.63052837250048
26.976442818753718 33.183072403542184
27.31789088085413 33.183072403542184
27.659316192533968 33.183072403542184
28.00098525871992 33.183072403542184
28.342428445730206 35.73561643458389
28.68410401203632 35.73561643458389
29.02566095114946 35.73561643458389
29.367378768236634 38.288160465625594
29.708830080397124 38.288160465625594
30.050492646462914 38.288160465625594
