23.80609
23.806095
23.806095
23.80607167
23.80607167
23.80603167
23.80603167
23.80602167
23.80602167
23.80601833
23.80601833
23.806015
23.806015
23.80602333
23.80602333
23.80603833
23.80603833
23.80604833
23.80604833
23.80606167
23.80606167
23.80607167
23.80607167
23.80607
23.80607
23.80607
23.80607
23.80607833
23.80607833
23.80609
23.80609
23.80610333
23.80610333
23.806115
23.806115
23.806125
23.806125
23.806115
23.806115
23.80611
23.80611
23.80610167
23.80610167
23.80611333
23.80611333
23.80612333
23.80612333
23.80614667
23.80614667
23.80615
23.80615
23.806155
23.806155
23.80617
23.80617
23.80616333
23.80616333
23.80616333
23.80616333
23.80615167
23.80615167
23.80613667
23.80613667
23.806105
23.806105
23.80608667
23.80608667
23.806075
23.806075
23.80606667
23.80606667
23.80605167
23.80605167
23.80603333
23.80603333
23.80602167
23.80602167
23.806015
23.806015
23.80600667
23.80600667
23.80600833
23.80600833
23.805995
23.805995
23.80598667
23.80598667
23.805975
23.805975
23.80596833
23.80596833
23.805965
23.805965
23.80596333
23.80596333
23.805955
23.805955
23.80595
23.80595
23.805945
23.805945
23.80593833
23.80593833
23.80592833
23.80592833
23.80592667
23.80592667
23.80591167
23.80591167
23.805895
23.805895
23.80588333
23.80588333
23.80587
23.80587
23.80585833
23.80585833
23.80585667
23.80585667
23.80583833
23.80583833
23.80582333
23.80582333
23.805815
23.805815
23.8058
23.8058
23.80579333
23.80579333
23.80579
23.80579
23.80578167
23.80578167
23.80577167
23.80577167
23.805765
23.805765
23.80575167
23.80575167
23.80573333
23.80573333
23.80572167
23.80572167
23.805695
23.805695
23.80567167
23.80567167
23.80564
23.80564
23.805635
23.805635
23.80563
23.80563
23.80563167
23.80563167
23.80562833
23.80562833
23.80562333
23.80562333
23.80562
23.80562
23.80562
23.80562
23.80561833
23.80561833
23.80562
23.80562
23.80561167
23.80561167
23.805605
23.805605
23.8056
23.8056
23.805595
23.805595
23.80558833
23.80558833
23.80558667
23.80558667
23.80558667
23.80558667
23.805585
23.805585
23.80556167
23.80556167
23.80553833
23.80553833
23.80552667
23.80552667
23.80551333
23.80551333
23.80548833
23.80548833
23.80548
23.80548
23.80547
23.80547
23.80546833
23.80546833
23.80546667
23.80546667
23.80547
23.80547
23.80548
23.80548
23.80547
23.80547
23.80547167
23.80547167
23.80547833
23.80547833
23.80548
23.80548
23.80548333
23.80548333
23.80548333
23.80548333
23.80547667
23.80547667
23.80548833
23.80548833
23.80549
23.80549
23.80549
23.80549
23.80549
23.80549
23.80548833
23.80548833
23.80548667
23.80548667
23.805485
23.805485
23.805485
23.805485
23.805485
23.805485
23.805485
23.805485
23.805485
23.805485
23.80548667
23.80548667
23.80548667
23.80548667
23.80548667
23.80548667
23.80548833
23.80548833
23.80548833
23.80548833
23.80549
23.80549
23.80549
23.80549
23.80549167
23.80549167
23.80549167
23.80549167
23.80549333
23.80549333
23.80549333
23.80549333
23.80549667
23.80549667
23.80549833
23.80549833
23.80551333
23.80551333
23.80552333
