61.50409833
61.504075
61.504075
61.50404667
61.50404667
61.50401667
61.50401667
61.50398833
61.50398833
61.50396167
61.50396167
61.50393167
61.50393167
61.50392667
61.50392667
61.50392
61.50392
61.50392333
61.50392333
61.503925
61.503925
61.503925
61.503925
61.50390667
61.50390667
61.50389333
61.50389333
61.50389333
61.50389333
61.503895
61.503895
61.50390167
61.50390167
61.50391
61.50391
61.503925
61.503925
61.50393167
61.50393167
61.50392333
61.50392333
61.50391667
61.50391667
61.50391
61.50391
61.50390667
61.50390667
61.50390167
61.50390167
61.50390167
61.50390167
61.5039
61.50389333
61.50389333
61.50389
61.50389
61.50388
61.50388
61.50390833
61.50390833
61.50393167
61.50393167
61.50392
61.50392
61.50391167
61.50391167
61.50389667
61.50389667
61.50389
61.50389
61.50386167
61.50386167
61.503835
61.503835
61.503815
61.503815
61.50380833
61.50380833
61.50379167
61.50379167
61.50379167
61.50379167
61.50376333
61.50376333
61.50374667
61.50374667
61.50373333
61.50373333
61.503725
61.503725
61.50371167
61.50371167
61.50370833
61.50370833
61.50368167
61.50368167
61.50367
61.50367
61.50366333
61.50366333
61.50365167
61.50365167
61.50364
61.50364
61.50363833
61.50363833
61.503615
61.503615
61.50360167
61.50360167
61.50358667
61.50358667
61.50357333
61.50357333
61.50356
61.50356
61.50355667
61.50355667
61.50353167
61.50353167
61.50351667
61.50351667
61.50349833
61.50349833
61.503485
61.503485
61.50346667
61.50346667
61.50346333
61.50346333
61.50343
61.50343
61.50341667
61.50341667
61.50341
61.50341
61.50339167
61.50339167
61.50337167
61.50337167
61.50336667
61.50336667
61.50334333
61.50334333
61.50332333
61.50332333
61.50329667
61.50329667
61.50329667
61.50329667
61.503295
61.503295
61.50330667
61.50330667
61.503305
61.503305
61.50330833
61.50330833
61.50330667
61.50330667
61.50331167
61.50331167
61.50331167
61.50331167
61.50331333
61.50331333
61.50330833
61.50330833
61.503305
61.503305
61.50329833
61.50329833
61.50329
61.50329
61.50328167
61.50328167
61.50327667
61.50327667
61.50327
61.50327
61.50326333
61.50326333
61.50324833
61.50324833
61.50324
61.50324
61.50323
61.50323
61.503225
61.503225
61.50321667
61.50321667
61.50322
61.50322
61.50322
61.50322
61.50322833
61.50322833
61.50323167
61.50323167
61.50324333
61.50324333
61.50324667
61.50324667
61.50324167
61.50324167
61.50323833
61.50323833
61.50323833
61.50323833
61.50323833
61.50323833
61.50323833
61.50323833
61.50324667
61.50324667
61.50324667
61.50324667
61.503255
61.503255
61.50325667
61.50325667
61.50325667
61.50325667
61.50325667
61.50325667
61.50325667
61.50325667
61.50325667
61.50325667
61.50325667
61.50325667
61.50325667
61.50325667
61.50325667
61.50325667
61.50325667
61.50325667
61.50325667
61.50325667
61.50325667
61.50325667
61.503255
61.503255
61.503255
61.503255
61.50325667
61.50325667
61.50325667
61.50325667
61.503255
61.503255
61.503255
61.503255
61.503255
61.503255
61.50325667
61.50325667
61.50325833
61.50325833
61.50325833
61.50325833
61.50326167
61.50326167
61.503265
61.503265
61.50327667
61.50327667
61.50328833
